50
16
0 1
1 3
2 3
3 4
4 5
5 6
6 8
7 8
8 10
9 7
10 8
11 13
12 12
13 14
14 16
15 14
1
0 0
12
0 1
1 2
2 1
3 1
4 6
5 4
6 5
7 8
8 7
9 11
10 8
11 12
3
0 2
1 0
2 0
4
0 0
1 1
2 3
3 2
16
0 1
1 1
2 0
3 4
4 4
5 4
6 6
7 9
8 10
9 7
10 12
11 11
12 13
13 15
14 12
15 17
11
0 0
1 2
2 4
3 3
4 4
5 3
6 7
7 9
8 6
9 9
10 9
5
0 0
1 3
2 0
3 4
4 3
2
0 0
1 1
5
0 0
1 3
2 3
3 2
4 5
3
0 0
1 3
2 2
15
0 1
1 1
2 2
3 1
4 6
5 3
6 4
7 8
8 6
9 7
10 10
11 9
12 11
13 14
14 14
1
0 2
13
0 0
1 2
2 3
3 2
4 6
5 6
6 8
7 8
8 7
9 11
10 12
11 12
12 12
10
0 0
1 1
2 1
3 2
4 2
5 6
6 5
7 7
8 9
9 10
13
5 2
22 12
23 4
16 17
22 4
11 25
25 1
23 14
15 21
7 19
18 4
22 9
11 21
2
3 19
6 12
2
10 10
14 7
16
4 25
12 9
11 13
8 11
11 22
3 8
5 23
3 10
20 13
20 15
20 24
8 3
12 8
12 21
21 20
10 1
16
21 9
5 9
19 17
21 15
19 3
21 17
5 5
13 18
1 2
12 24
9 16
10 19
2 5
16 24
16 19
18 12
12
24 20
22 17
15 13
11 19
8 4
24 14
16 18
14 19
6 14
4 22
23 22
25 4
8
23 20
8 15
8 13
15 2
10 7
18 22
19 13
7 24
1
20 16
8
11 9
13 1
14 11
24 11
10 4
2 8
25 11
24 7
8
16 10
7 24
4 4
17 17
12 17
4 8
7 11
20 17
12
21 5
8 21
17 19
24 20
1 24
5 2
5 3
19 17
11 17
20 16
8 11
2 1
10
10 9
2 4
2 24
24 8
8 19
25 1
20 19
4 20
1 7
1 5
8
17 15
16 12
6 25
22 9
25 13
20 10
14 24
11 14
15
18 21
20 19
24 16
13 4
10 15
10 10
19 11
2 8
3 13
15 2
11 24
3 24
20 12
12 18
24 1
4
16 23
15 10
23 5
24 1
16
13 12
25 8
22 3
15 24
17 7
2 3
7 6
1 1
19 14
21 17
16 16
10 16
5 19
13 11
19 16
1 6
12
2 13
24 7
4 24
23 12
3 25
18 8
2 21
2 18
16 20
8 6
4 25
12 24
5
24 17
3 1
24 6
4 13
4 10
8
5 8
3 7
9 23
16 11
18 19
3 10
16 12
17 19
9
3 18
1 1
11 5
3 10
10 6
22 16
16 15
22 25
20 5
11
17 20
18 11
16 22
20 6
11 11
1 24
15 18
24 17
6 3
19 15
14 24
13
4 16
3 2
15 22
6 23
13 1
17 23
18 16
19 23
1 4
23 24
20 18
24 11
23 3
4
14 16
4 1
22 22
3 23
5
24 4
8 13
6 2
12 23
17 5
7
17 10
21 17
4 15
15 16
14 17
21 2
7 2
9
5 23
7 3
8 8
8 18
20 15
19 7
12 10
11 10
3 23
7
19 1
20 8
19 8
24 14
12 7
17 16
12 14
1
16 24
9
23 16
1 14
9 7
2 20
19 11
22 16
17 15
24 12
21 22
2
9 5
19 24
6
9 25
60 89
2 50
92 56
11 2
32 97
10
100 79
75 88
73 47
47 17
2 4
21 23
42 18
66 4
61 44
81 87
11
35 89
20 27
10 32
96 42
95 69
41 40
9 95
12 23
41 29
25 11
17 15
1
1 47
9
63 57
4 49
27 40
3 48
33 13
46 95
55 40
29 96
46 39